19659650
24838380
19134540
62250480
25232745
34512947
39249049
19346988
19038246
65181380
64785014
77750220
19969614
59695294
19817973
19275344
46660875
39172527
61152302
21239485
20692257
30722200
49123600
51972895
19832569
19828074
25690936
19967304
31588136
30909527
59551662
44503556
23002731
40936438
34779855
19787999
233212
100363
32355
36443292
24323636
33997167
41931971
38911306
19882718
24877618
21328540
22200455
26361149
72642691
29614542
27685031
23521729
35453737
22754876
77392135
45668239
22743060
21047730
30752177
44711855
24984954
37383191
55805197
25390665
35666590
257974
31296001
30586573
26251353
70132282
47153380
73529695
83179085
76693312
47160847
31524077
32917873
22738595
34138031
20476030
22246967
50189488
46316160
53059324
60600913
43873493
81189211
34489632
22647193
20256476
40300130
45316242
24987344
30051131
200553
59430729
23288838
19723956
20227573
24757635
32158288
35317527
24105870
34268448
5908
20267481
19079393
77119185
38569626
22870365
81661348
23398451
71599264
23416270
39040566
20156051
19701328
32556020
28959962
42719548
49059922
72743218
48112195
400617
43528857
71899261
22526699
24598309
29538646
21747804
24479084
55972557
20045790
20947631
35731491
48350108
23775048
64791569
55925380
20452277
35222792
20389081
67209732
23271105
47963774
61212673
83039554
72469211
40579817
24705439
57316741
29266081
22414397
20296596
49174418
19599117
78059635
58792574
29606228
22696988
21124626
29655456
521955
25361200
32506961
30604756
36349397
29799922
24181270
23842127
48789476
51621618
76820830
45527373
61339129
41789019
23212047
48945152
22348048
38778275
32672912
35215500
26114733
71376
20978232
43774722
41796603
66033804
81050201
40691516
19387863
32361559
39069526
44252146
45839933
21645917
20122858
23658386
28840804
19871204
26909148
48708037
79429959
43115884
13297
78912097
53927405
34583468
39783571
58240996
50526004
32587736
20394359
34304697
44554267
21679233
64734531
77159222
24857623
49660221
621
450059
40825752
66479175
76959824
21998704
26728788
21978925
21717490
22166410
71990307
19896292
30079
39005537
43111598
31233054
40914309
80499384
606361
32936139
32978544
61687395
38610133
21211652
34313530
82789475
19698094
19161840
40629656
22684330
30106256
21115975
23159032
19770082
20598400
19405174
69551012
45018630
25880323
30184991
22015124
32233540
38071109
75099244
81859385
29596198
34972007
22156402
37454126
22006649
35579460
39566274
32932398
20262759
83089439
47453808
52150837
32981993
45539634
20026969
73459347
79011738
44979325
34035146
31168773
61925463
34169027
38321743
25767114
47429312
56351853
159194
68211391
31405514
47135894
20486189
24822862
57699398
48407989
21056195
45138191
61548307
31274923
32359565
22191828
23084709
47492690
83399103
19203113
27930063
5467
68871212
20004449
25717568
38880034
27816311
20372532
75069323
35127863
25050257
31324697
20332093
37070892
74079087
43123601
19830792
51840465
72229317
34371187
22943444
74539890
42171180
26979102
19243298
20152984
28569125
46343952
48212797
55921347
21248507
20629192
35592112
35202915
65009177
53026797
25774670
30185159
25699990
227996
25888096
83039481
307822
19887289
20072604
54271164
43229587
30575166
47101969
332366
23714027
81549088
19024580
20489435
82190358
61822465
19161749
73759236
29652217
43166742
47599858
23743573
24550862
40665020
30821887
29236373
29296437
33430854
29165162
19852534
19786092
23577633
20178020
21096030
38786576
25775634
32653422
38342712
30123335
21083168
50105589
19836165
34313406
40702625
28937458
23807107
70340345
19359779
19993352
55913015
39181282
51760476
20232406
43511218
20982294
21133544
60249533
21847981
22710266
37864133
24154328
26201001
19992458
20594385
21728063
29184047
53323
23162596
50572048
21380890
77750493
22835956
24837759
36753193
28374918
66572065
34293358
50158906
48649408
28725693
39841933
58212892
44227898
22285280
56468426
22941674
21301892
52365207
46206509
33421279
83339118
49460223
63399135
19678838
78539561
41296217
28590685
28530150
20432016
82789237
31183444
25328716
26206543
19280353
46929224
76609200
38384295
28388863
49631245
59685
58613779
26095202
32572058
28967076
37912502
23794261
71659124
75209208
58579133
25166026
26803861
24858900
75840457
22354006
36439405
63516892
49315393
19634033
40139358
46979081
21005840
42727534
20350623
33450239
21471267
20202702
25099319
32029625
31621552
68149078
112102
78029911
19434224
36950121
24671130
82169089
25389109
19698497
32680176
30657617
40572289
48556616
30933113
83179090
82079791
23936417
45530561
35110993
73759389
24154639
36473931
22047095
34009509
32171663
20486147
22966120
32761794
52041228
80632074
25779805
18995569
32549869
23054863
27884315
39615927
21584519
25285034
37849026
48113272
33071743
83179158
26692655
65194238
21325842
19838154
47612950
25851366
34242114
39205914
50696047
30919656
33749118
76732444
28376038
77012735
21715354
82129338
20007189
71730872
23276168
45880620
38622759
36396299
35802012
23133622
35443309
40562000
19905517
48446096
19011022
22231499
35667260
34951870
34293642
21247068
38911162
37498299
53780797
30152084
41233441
54963047
23756437
23055302
43879966
23083311
20657680
42999964
30307001
22180208
80351286
460239
22756569
37748485
66929247
23262429
22573472
19550408
23040313
68552289
43134833
51778947
67021501
35463974
22943936
38065294
22076548
29459205
38355348
26333580
25340430
75172055
20598223
22350178
23669991
36476938
29251647
26153361
20359372
21911054
50791128
41317252
581310
21240218
39277497
20327622
20636732
23561920
20133265
37338883
21202019
83089295
21533287
22574906
25317100
21196186
19082810
31789785
46789535
22911870
53317980
34318160
20723897
23702501
20129804
24925985
25316184
29600612
23412412
23270303
82159381
71181475
50504639
53090430
19191932
26657286
31966839
55907893
44914703
36541197
20024227
22509776
34175746
27392952
31481913
29431520
23724062
50561987
76549388
47552411
65369762
44237282
25388045
72950735
20634287
71749871
36931875
24359074
27840717
39545649
40889506
32311174
45631256
579475
44369496
77211909
30557436
77629935
24662712
35782786
80060982
22868299
28712666
30255016
38067655
41299592
80659088
38919744
28870261
79882258
28879653
82532563
22101243
41922240
64939105
40858720
47000769
35612484
26303526
52895946
19424219
38308714
81300025
36488045
21343257
38129109
20142680
21567033
83039575
76833348
23887152
32982400
36653735
76631430
27476501
81700817
23603485
20813986
21677606
21653149
29302865
34067781
60831503
25023609
28688008
189426
40938801
35259236
82400018
24421520
20967583
23908011
39241083
20918669
76379684
21014987
43476547
24858283
34402943
25319911
19046591
65154018
36758844
34663196
30650479
20138668
55375727
36830904
47457076
26433959
29770754
60187544
21416890
50029834
24238137
32230519
55506741
25097251
24811667
30045762
19267469
22231315
30269809
32191484
20115278
26242416
37382208
27361741
34994722
30557242
22179971
23162732
31129628
81449283
19215996
47519323
19831472
35729664
20342474
50817432
40406446
28961355
45079499
39291235
44935821
37462335
63939344
43322943
21027989
31263136
19997606
22048236
66870458
51125469
52712275
43821064
34018967
30763431
35789658
77179274
19634781
20007037
29382204
22639840
32556358
47640917
34094637
73160759
29234107
53428350
265174
34793793
37842613
70979453
59242792
45729290
21473219
23430408
22670229
25504412
24838159
23589592
20665311
21881143
24255447
20913134
29410538
45871226
24875493
80060446
51580106
38957312
32274061
26563238
47311406
39080618
35511957
31734320
25104220
28531896
34270960
33110632
24814428
31427641
29303850
20403430
48659949
26357125
19106536
22000374
25951204
45122570
26225136
22344007
37484222
43042552
34459737
65399193
36476980
31509128
80600894
47117949
78859792
39004125
24984891
28395551
21237080
83039192
26051120
22192687
22440321
68753126
60750852
30924057
25220748
44319529
48994133
24221014
28336680
23858262
34639287
46643001
35501485
19777616
36580637
19979141
46599986
57539102
309519
25789404
40160319
46336716
44090131
20167809
31632622
38757901
64959431
43230548
22999995
31193328
22695103
58752012
21267709
67872603
22227216
83039569
50103165
77311975
24875971
83089575
21214027
39877298
38529975
21098444
45236312
58243493
26408292
19412803
77599102
21090534
63529291
7250
35018080
31664034
31756381
26572990
24750300
39146381
82469202
66832087
28428654
39021167
75900909
26065445
32552189
50521624
25202310
20495679
32903289
69974688
19734168
31331667
56149487
19093036
46019174
24550000
75811345
38430184
25243945
25367008
30563709
41865701
21125417
20400026
19405562
44553385
20640052
50514562
22230542
31198030
19338315
47571033
19877155
45432549
21415340
25815408
39092728
48202580
61542283
35590582
36700085
38249375
21421366
43719224
518475
398566
43156896
34160021
71402604
64857236
30359529
28906668
46901426
39561509
21327231
40564566
78581321
26067630
76602920
23981246
23880660
105635
32171652
23535907
23997937
21219157
27395593
53975931
35032807
50950854
72849285
536071
40519573
19646571
53467150
83339123
47642990
526403
64651229
71260102
32723343
19794380
65809586
29680586
36782900
38633298
22688824
24509336
21239803
79420232
50652062
24915409
39917147
34304824
38354012
426288
49159160
44023477
39140641
26329917
31324382
58691491
21144092
25962031
37101683
24252917
22251285
28961774
20426711
20187277
30090006
35742430
19889688
25241660
35443534
295093
28661336
45164160
39028525
39482867
31551494
39029324
21215585
31291239
20783487
38907732
50719575
23343152
22447403
20274942
51832407
35741739
26141612
81529262
28670586
27470522
40944918
129518
20380893
20461580
34775897
22205540
380646
77779095
22028158
77040496
20655154
68982398
30523891
34176415
31209421
40531420
40640091
30345748
37774807
35099272
45164529
58549090
48592642
20332898
56901374
39987054
34197844
51476919
20770118
22659603
63019110
21890988
42762376
32153219
51589239
50248934
21451895
32929410
43173587
22686469
29293356
19441663
46302719
81503182
25011117
20283358
36771613
46145524
32249825
67055099
79689395
41272183
20191624
40269594
24491732
19521050
20156016
36299995
26378115
81663681
26442361
20441070
27892453
39583404
22155703
46091942
53039814
58493251
23408954
34737160
26387330
20604419
79049172
68392797
20199448
28844717
25743610
21150947
22714795
43640949
66251579
19906739
22922261
19431554
51409161
19392934
56839433
20279081
38744291
26504490
24509629
34177029
76200008
67620796
34061348
34081749
72259265
70283154
50561051
34307504
26310583
22303039
22478453
38275818
48022213
29360758
47473249
21705406
22058309
272354
37444943
40017716
32464974
34501714
22681046
36467040
47676166
21395793
28983518
24102948
37789535
44989337
23523442
48635178
24592951
19626553
45114148
465551
31213574
52316360
20202108
82259230
20217096
48720099
46073787
73119404
78670850
23254447
43995553
24657283
24017482
37272841
24210066
43674350
80301228
20021357
38826556
38375329
47814771
40925423
25984298
23715786
25739295
25151836
35765013
23690043
57390198
82329942
26851284
52551475
35388622
73139178
39499194
52311801
31825429
36019482
21961605
44064940
45062564
34671417
22079287
56539172
540116
23065684
46414960
27758211
22247003
22023083
22858406
30374785
59808575
36519741
23809981
28661837
22583763
19382070
45027747
45661658
20156599
45473130
35367813
19955340
74612923
44635345
21136629
40929668
48040003
40678304
35502053
20176595
38772045
322442
36703840
24575906
19243208
36544302
36631236
28735903
79929174
32764762
48171912
65389101
20341688
70402100
34683139
38826810
21005001
24348638
53327052
27253842
50539313
23254936
28906639
21421991
42676443
30212825
32954981
45021344
24815394
249386
36930390
36482514
20200953
36119978
41258646
24471359
24717584
32619305
38751945
44299126
54891684
35340710
21932354
82189116
47801784
35520324
24694433
21402394
22646590
72876237
37827053
20901078
34852724
19715873
33441071
20039134
36869611
39996432
21726200
24606080
32760291
65160210
29294832
43235320
58618144
21496162
22237362
465413
52372786
50903675
64746078
70279910
446965
40374675
30372420
38838738
44630587
41769576
24974830
76130087
38074801
443735
19761072
29362500
27559264
82944796
29490899
30290827
21793301
22060674
56019174
78980308
21776708
37411497
56497084
35409134
19822981
53419238
43256076
31541352
48664738
23649265
37362949
23141440
20257393
442232
24412033
64834040
24449515
40453424
45158164
28938626
70200420
74902471
27380863
60126140
41275742
43685016
19062645
71289337
62077
20698282
27734346
19875787
70200510
20948856
51555187
25244896
45698743
27485687
31706783
35021069
23428739
29587588
22982873
37740067
47551269
25163479
28501315
54282610
26859725
32490785
19061980
20112175
59301547
68421204
29557073
25301
61705962
68071517
30478559
83039568
21802549
51146953
22298866
39516596
21944884
26677058
40674792
76051169
24454459
20694997
25271886
58591756
74583001
69752080
23335478
21018926
24801053
24226722
20430116
68479258
46044825
24977679
20331659
26409460
22389988
21768433
20163405
20131878
19163910
39901388
20368123
46760528
32891933
48422632
28661557
40494000
45345763
28414702
71260784
20143580
35364963
41347117
28443209
34883592
19958718
20759747
51140805
32502210
28663803
81389840
47522700
23618711
37069271
30974897
23158803
47524195
28610
35049603
70423058
66619157
29194748
33987970
80729745
37080678
50490414
21370907
35499513
26204875
20280885
20650918
80229217
26232835
39970213
19351649
36041606
20534978
60112143
28663867
33359979
27723793
25866267
35731579
36259319
81090592
49224917
37481045
31728045
39000721
20822144
40984753
20209911
58520367
68682833
60821480
51551322
50936413
22656172
52829329
44159449
19840868
36620492
32724993
78859542
38694164
43525263
31051782
29770257
41777257
24811504
21329055
448372
24685922
77639260
19635420
59539594
28449430
24825620
26657554
57029178
22654107
20012223
39494580
25848742
20920347
55629820
65409096
28454336
19263738
31594336
24018718
170340
19874625
51676542
20069959
32299406
23519789
30407216
20130821
30636032
24910661
63549774
71869170
25510779
29595436
76399675
30665375
42815012
35912499
46087087
69669580
50043186
31327432
20611031
62630267
24092381
75871361
36400685
29647265
38572027
19627226
25033032
41357422
60320435
72997910
29099688
30856209
82789262
19834259
25034303
19257786
66822239
64240000
24553253
30517212
21390175
21622356
31659736
24893614
26290762
53944704
57518819
19440722
70011915
27310667
20704242
21355245
51080710
23511870
20705069
36761287
30497211
24907087
40655603
82779239
21955448
53297309
20075288
32700794
52840960
28650045
35040627
83669212
23338989
51536002
68301925
82851412
22206078
282820
25378616
45597532
36631410
20207713
19053686
45623851
76969423
20000832
21108632
26257786
20742380
24425309
22200381
25924860
61819239
20131827
26158594
46820282
38592379
47210958
34290293
45186258
20856174
43976641
22562328
31211924
81644882
29710909
71715
28039649
24591240
81529275
36406535
364389
39530710
76032628
20220593
40312403
38591776
26552989
36347014
59019825
25201178
75892362
51106578
20973757
24176382
37343071
20342132
43644170
21307853
20121328
75871222
35114892
28269421
24375944
49130522
32195250
39449539
19741762
25956530
21027
39014512
47547257
29305697
27910568
32016710
23669396
72749201
43201690
28450815
26322650
20327202
39089825
67139167
62372968
23752178
44483914
25738593
22857950
82619478
38886417
22707996
28447629
31953669
26125816
47579132
30244047
35570736
73610766
83179089
24332925
21247186
37033902
48240600
20411671
156090
22399915
70629724
40199624
36111109
33390610
37782989
81139774
60329217
21779326
48310516
142650
21456134
27794083
19218323
34062060
19156471
80549834
34753299
25972071
81571342
22245712
41701731
58829159
22807451
20615957
80719199
29491995
71599385
26183864
49751204
21142085
262443
24872561
24230812
39996059
59511637
50830078
83089581
21078265
39106259
45271289
20947579
22451670
43619131
28375571
34721058
29019701
81252485
61172277
37348135
68479082
47177901
26600312
25509383
29203966
48231750
19133255
53358852
21153328
38191956
46434486
35650062
59189004
22546741
25157065
49221339
83399294
19648629
81189303
52407097
37492669
54991111
21468062
24721634
46019217
32582621
76280339
47604597
48332888
37820062
22186978
82169158
22594069
57519124
50759302
53961924
69521784
51979956
25354065
21947923
34833431
30743640
32903475
20800991
32305973
28775940
21728974
31684707
31644236
21754120
58503922
43917358
25274759
24247556
24823364
82789162
40646330
25389497
39906198
43173708
36754089
21472039
47022584
58469559
73759385
78601667
83179124
492066
74689287
19339458
28978022
24775958
28991591
19839806
19350906
29473893
19676887
23701242
50386161
21956884
44501445
20689877
31334286
71692692
20823651
36511463
30454958
46069412
21416926
31765781
19216930
50439250
26379781
70339390
71179447
20314992
56721835
26543857
20816450
20164211
24633898
21503614
47144946
32734522
24275903
23888820
37132880
72690731
81432602
43807141
34287847
24803953
20390161
21083867
45491758
20460183
81979379
21809691
37992738
38791045
46122143
20001980
28640725
19490170
35798730
30442031
26295241
56471944
83669224
37384309
22482717
60214175
20647832
76539927
60239803
38751096
48436834
21596378
19806051
21009507
44989338
29163460
58559155
40540196
37969639
25439724
41233933
20700999
38364180
21808974
20456290
46148797
76142049
22651362
61572841
57691338
28834202
20915481
47212115
40278872
20362692
29182289
35422439
37051239
25511229
64359091
39696163
77779173
28019258
28903785
24977715
21692631
21260950
39291950
29194631
40835255
19990935
23801657
24578905
30560124
22538936
45284056
68551945
65880219
22318113
26184155
48321237
52402255
47759968
72749216
20140255
23144555
51475975
52371378
22654626
23594692
24079133
176044
28299232
23946236
46239231
21212808
20712378
41989378
37241029
56925800
50857494
32915503
20505998
21312637
67911181
35859387
27797811
66993789
82600992
48193601
37361614
43920722
42911077
48544082
71192055
40279866
22699735
29479589
22109603
23300316
31233185
36442241
40293317
34552015
40459740
42788912
429517
51759874
47991953
23264074
67062402
23924030
26343745
19660288
46260566
29259499
29194050
28682195
28957790
40966434
38873029
43811497
69719188
19872650
43501310
21089204
25850956
37141085
22120354
67092937
21269385
25143393
26786246
43565888
47989265
24344299
64590437
134350
21147570
22907588
42092205
35320245
35406935
39535302
77729240
51060790
83179139
19267108
24392633
79969275
29810243
242637
59440889
70359648
44733162
48547745
66914587
71683012
30654418
49175835
48144701
47039962
23568562
54886348
78732306
23114113
432695
55389932
32544079
55935575
38991616
23509847
19973878
47575592
30046300
43225114
76891481
23879728
45660499
21001168
39915382
82892045
20248575
24307471
32225785
50525968
22471869
77211704
21340212
40928659
30156699
27252501
581716
52804693
29163191
32370446
19648146
25987203
82856764
19268528
29351786
65039826
20054964
29607673
30153947
28690500
37351938
46531569
30314638
32705024
42970847
43146839
32233408
26330723
35290295
43079784
35110513
51949363
27774688
35035174
20942144
36070342
47836799
21371412
31113559
25793372
27519370
44802815
47079420
52410206
24066790
21778442
21253888
32294661
20972853
27211338
74699211
60841170
19052871
22429664
21998494
30262503
53049147
47126875
21814431
30250332
35069560
31124490
20819592
25726495
50684009
31283779
35312142
21494475
20226366
30925617
19068435
22141445
63471515
23079517
43919648
40572808
39794361
29732177
83089382
41885666
82769263
22588908
390914
76019138
21645177
20725786
23623012
358200
76249352
28993829
25060965
50834362
60939398
55520569
43892579
35070153
26667724
34409541
23994633
45381456
72902047
25868867
23311318
22848874
69642260
37039282
47066009
37928970
59204201
32529666
40778534
48637590
20217633
40662190
19755075
55818944
37091701
50361132
21726097
49073015
42857403
64995519
38842733
19484622
40288111
23050296
21912166
55506297
22991854
31592402
47686915
342666
21557836
23768621
49949377
34469363
42932506
43423352
83339304
50920908
26695048
47082357
40920065
81834748
25879066
32917037
20547287
24637884
20397533
22523843
30060990
25205219
35362359
70119620
35783997
47566195
39599803
42239498
35453953
40852768
32614846
23330529
20694079
34403083
23129170
21599193
81594987
19974931
34570626
30876167
55815684
25807595
28703798
34637712
22551130
83289797
21127439
25900205
24295370
68351012
72501830
26417350
34130276
23144660
70482084
49194182
22044352
33679978
19423349
55947676
39187147
21853867
20638413
40002572
76443284
46244745
72362113
36051596
45678930
20692729
37242157
51405
53301332
22506096
22233833
31271272
21259790
23483718
24644727
44062016
60845325
24557679
27809820
47512530
74079156
25005620
22736995
58249589
31549416
24980187
36071571
43690575
24391662
21076348
34191125
69709179
26252020
24517491
31548653
44912458
4648
47760990
32392626
20414291
39887256
19258743
40180734
61535364
28909573
35336480
53152792
47113648
34603011
20271519
30837377
26820836
21014907
72819467
20353303
35722319
63291
58424679
19248098
45766140
34621947
19912360
19133268
52827164
24206701
22845342
47860351
23209855
34120143
22658467
22431558
21028386
29503882
37255543
76412589
23769101
40983960
28948871
27763357
65640407
24820138
47023297
26484404
49052036
49206370
24850432
41221816
21970882
21874249
39944452
35361116
21429782
20667153
30563611
25200425
26522573
18990820
29621720
28723150
24934464
40020879
45071569
28773370
55489014
22418049
74999157
40272268
22431892
21763914
82789438
22405162
42232735
43454705
82914870
52291554
20024304
39957695
25893425
43766441
31724449
83039128
81831361
39965226
24295656
19738326
46044493
19577112
36369081
20263907
71251497
22296271
23795059
66879182
37981814
38777079
21847374
20037104
24565073
37345528
24726207
19199530
36386035
44774039
41659780
34049178
22220672
36601781
31330985
22397368
43773430
77371699
60061897
20110243
24478382
71350203
23254351
77432783
30623190
31281326
23576080
55487838
26647287
56069323
22993606
291044
80269116
22002978
25766189
24705131
36371467
29168137
22833515
53119375
59283074
48959428
21191902
24612281
20074883
158975
20988847
21836856
32683839
29530509
53801673
77779177
40999177
44979352
22328629
67119126
32198459
26237428
19667379
564166
44664326
70200186
22353659
45800003
420386
24971684
21093435
66571074
56762662
22403576
22037460
39268903
50670783
30206248
68411427
54800146
80690978
19805778
23247848
21982089
37433777
19118355
48570568
96007
73759393
66879293
32432882
34753465
62591062
21147856
39833053
41189256
22023739
24618834
19128116
19190442
51981548
23855467
37527823
35682376
25599243
39339166
24664950
405856
58829179
30620007
50185236
22325691
39250249
24859159
30962498
37275215
19231059
66052640
66914723
46119023
25078968
83409107
81651443
58421117
43538520
21340540
20974068
30972130
24798779
39319182
20116255
47473628
33719173
28813526
557866
25044122
36601851
22809005
20678849
26712726
19172118
83339297
71701144
20122662
45101564
37144097
68401488
61109293
35312132
35533981
47659564
34402763
51437668
35279986
19903970
24110807
23557496
38682056
81592523
40337128
45175718
60327909
76411968
24748164
22965023
59950029
25794285
48009839
40774110
22717034
31252714
34761958
67111983
38780657
36394946
42981270
20255497
20071268
83339124
29515234
193759
35169501
42739283
19447348
23353829
22623204
21351258
25355235
27972228
43627003
80200881
75290273
31687588
108101
60805480
20962682
34734212
586088
21202672
20381308
35211966
19208458
38289762
73469341
42909178
24195748
32770900
41896908
73169691
22789590
41216897
41743864
49295802
27962195
69802823
30303384
47668590
46316985
20745307
29450654
25314771
26331162
21160952
61166859
47166066
41696438
20082683
31027710
23630654
51680686
47085909
47496601
20210784
20895899
79390303
34983603
34925733
21226989
26185318
21978289
34315396
35024547
35650182
35433792
34520148
77560481
71899217
19861810
24160516
30893383
23577123
76821323
21262248
77539883
22695361
23460230
31273666
42851728
27290635
35661335
53356246
20349201
20918856
53827924
35039042
36393971
19701911
23022664
40702166
53132371
20610274
37419739
59583447
22153502
25285716
22945412
20847451
38585037
41873475
19879346
21122451
34514882
23056613
40291584
28329804
28453546
21729690
34731881
24944777
46113000
42133105
45167717
28879604
27798233
75069145
53880682
51026153
30598569
20458318
20170835
35301382
44959407
44703132
59725620
50697760
50149095
65520210
37532228
30483894
38809624
35703236
19022638
48680991
38283934
22791914
77351819
67084746
48115033
42060215
43420687
19721791
68531319
28358392
45671547
23467785
66299222
31633789
32236002
81029988
45545249
81621487
32844091
30625009
23632567
34401721
45768882
40267443
537614
49943354
77272800
45359853
27713759
25530769
21409541
22292020
25405463
20113197
60463546
43690919
19911794
45675133
19663548
57336148
75250306
50759303
51613819
23075984
21882256
24113026
68603405
22402876
31531990
23888692
23479635
158607
47879520
34623317
22690525
22316004
48004246
77740351
28466518
21167600
82930241
64814506
24505968
37832463
20100530
22335759
71899104
40946320
75649106
53754173
20603462
20851877
46093651
22203340
21276764
19591805
30200667
36420257
22478427
30170642
37249598
24661653
30800076
47371195
26243614
50539084
43276966
27374351
20093406
27932750
39119570
26482192
449015
43344083
25276169
28460777
22787428
48162017
29649226
82579081
21371454
20123146
22862485
39226954
19534901
29607810
47381185
47120724
46532803
83669084
35430005
23464819
61961651
20386898
19571365
40242205
81733343
23884510
21390649
31585438
44379639
24018214
20078731
50660975
41981337
23495845
73379216
25169442
40151977
24129850
22790562
70631815
47083072
27806734
64904867
22725258
262255
42686047
23723619
76580932
23573965
42032150
21957142
20909152
20573041
45344815
44148471
26362174
30673321
50719274
47165206
34689383
48381007
26406573
67449548
21701890
78771213
47526307
27409706
22660387
23412470
32043912
81549240
30970977
25853584
78289255
38267700
434244
519880
32774345
19912359
38053850
38067407
27872104
77520973
43652327
21544370
27110862
39057961
36901520
19927723
27444009
23950987
21387201
42902648
34203780
245353
22682670
83221449
65359901
27060759
70359148
21498922
25719402
22190379
34022147
48680940
39291922
21277043
19275688
24896116
40941270
31657044
39070533
20109716
29535209
32354144
35221469
35632491
34080986
19699553
20702064
50710354
49273888
30266347
22190313
19440554
23066104
22725283
32178528
23127265
19347207
19963014
20537977
47943093
21193669
20873017
40879840
45696039
19606634
21657867
20701089
35494775
29168371
83089576
31256636
34543932
69892366
22411242
44841787
48365522
68669177
22317698
27862296
23235204
42723479
57386371
69230947
25348510
28473572
32360512
20053446
22665203
20653223
77269277
25979712
19780994
30170613
25012291
38694100
34460356
29605083
47817439
45038172
43688390
65941774
55354858
31320788
35791593
51094671
47651522
75230203
34390257
39559987
56741637
24711653
19529373
29647063
29801908
19732258
83413
22476330
46601946
29120095
38857618
40180597
82759189
65159839
32505121
19637119
40561128
34889323
52590532
71799785
55891059
21645472
22878177
31542599
21171473
38318616
29161654
40787684
20003354
37558151
22544846
51027868
20189187
65389099
42789567
35688732
21903966
43259524
41691623
38906293
59923369
129417
59800310
28703160
28591267
20319900
71971187
39720885
148679
22785130
25172929
60073787
19629313
28321056
44664604
30366254
67460599
21991932
32213569
44989353
81614920
32043458
46056552
65959917
39207372
31395107
26798206
52261450
46127893
20053151
19668604
19639497
30210655
19963418
51462002
22345955
38038926
83089249
38849845
37985958
73000434
22909808
83339293
26427132
37101853
47701712
44848890
381411
55508987
20666077
47607176
72831570
45379983
22232326
57284237
42210864
60789178
59811860
20977987
25349772
30872083
44849838
19290326
21259848
37341012
21583185
19977253
56013836
51106362
197362
30634600
20387972
37504959
56888827
31056302
24935959
30226012
20047271
50021587
19202414
23184379
19901157
47742555
30957239
20739229
33040607
40908590
57039082
35017400
41294752
31265095
29400498
28916805
45982377
45191640
76869210
26410615
19086140
20055538
23952891
170329
20312461
20962857
31771780
21312527
43873947
58272296
37736050
24444602
43099464
61133915
25885129
82779249
21148250
31133671
26829230
23897083
58595637
64659497
42799299
23368264
45467192
20471282
33984968
74712111
26254053
44479272
58060767
68639189
21076271
44139823
29362306
21367804
21337269
27291302
29762218
49114302
49530515
43635965
63597542
34042136
30194849
20341661
75979458
60149424
38090233
39028853
48595968
23358998
72839460
43484392
21386395
38862851
20647605
19845930
83339085
44679558
49511626
24927949
78732375
21944734
83039211
29484018
65269263
22231418
21806931
71289565
52751314
77319402
55361885
20611203
44212154
48103887
26727450
59118742
21103810
26491993
31116453
19322489
27763218
28329959
25733783
38796629
22641642
35014536
21527506
24456932
66109647
26079567
50902680
22967019
44989327
40079696
21010469
22020736
38869932
61281860
39986554
58597238
19117999
38979346
410459
48465911
31670796
20553399
26145727
43933448
65531008
30395102
29291038
46251158
27746439
43118409
34969657
46719224
25766138
46429843
25913399
32773306
83089371
24898707
79929287
33121784
38101507
35571306
55497770
33359757
50568062
29317015
53382726
44684868
34253638
34952485
83709188
38219230
30383413
79830204
19353105
19673077
45671622
25108715
22434579
56342559
32041697
33111534
43246600
73100115
58629541
21974037
65875
20732676
25452628
30127947
40910137
33081713
42035091
19226654
76603307
56279204
20052657
70039590
29267372
26165051
138243
39429642
25101783
35368931
20607690
21847051
31924287
43093084
23049204
65024955
56913397
28381966
32221947
39350031
30565254
21125996
58929214
45951108
40911893
43136279
77211676
44989342
29423936
32799907
56900736
37280473
34651223
45017023
20021520
23735873
20200982
42838977
59713146
32578662
76932635
20147484
82789571
47559251
83089082
22079480
27282584
26065782
20962399
19959767
30510954
39001056
20204830
50973431
26675704
28641263
41335915
38841069
66710542
43560759
73259809
80180818
39577349
21490433
20189875
44951690
22760029
60930378
71229345
40062747
52723123
24922145
26686436
37931849
39265299
70511572
41744176
22777955
42139364
20838359
20793637
77039495
23066833
63653079
20216749
21558016
31049038
36741207
20533841
22773386
26459106
28949426
19920510
26070989
24490737
59174494
24675580
22059766
34555996
77570878
30222111
43750086
29173217
35959719
49320662
55902561
20724263
19451735
30876565
19046502
53373482
21589165
73169323
31025579
355762
73769544
19052632
35601087
25268003
40703542
43030861
23413276
37853504
25661190
77720407
65749769
42787745
51015841
25384942
26635798
70240303
30567255
21201241
22623566
46414089
51635072
25786254
30367206
31300356
21863594
19674238
21147146
79541
45126443
41817320
44777090
32543016
23839773
47651247
45102780
45177984
56884740
45187832
31936068
19110786
83339094
27261507
20488898
46052203
37856607
25690873
19470693
21621899
32633729
29402066
2648
26366304
32644319
503437
77191631
19315641
34222038
36447212
35530571
43142119
32955883
19433417
40290304
42862207
30135096
83669204
23902158
32177520
24236969
29309849
37549806
45245973
35687372
20523031
20132258
22622312
25286336
39908814
69901211
23643179
30421906
23245665
32571562
25809414
60270257
60181263
21938181
82059458
21115658
24597513
22079909
47573493
37250571
24793304
47648903
19677797
19884671
19837126
26216152
19987994
51723956
28329207
47187221
21542029
67134016
165203
42929113
61021640
1496
21055513
26600205
44384830
81732677
78639217
74999237
4297
29608303
49979259
81619136
73099840
20481746
26142314
38330710
56443428
24197453
36702420
43567684
39989551
40464646
71599185
20773973
81430801
39570617
28426754
37450627
29259572
66753168
26047065
20466429
82149286
25359547
25184443
50184985
23006420
41805714
114924
27676773
39903203
31555057
52309325
28888015
34962254
22189825
70019195
26653862
20442034
26762205
37439700
23306832
20658225
306713
60313528
22372028
152228
62254270
24399368
40220617
21235090
57459742
78129519
23926037
25895093
20029709
50604500
20181337
40411799
51731724
61543250
49691147
39916197
33439727
541959
82789170
25640221
19296564
20700309
45417698
27251616
78842632
39181040
26235960
82439805
51089141
26280220
43153817
21378170
22300913
100311
29773406
36100051
44594721
33141710
34228761
83089306
30170984
22149390
24391296
42018127
72479394
68239598
26510985
22310800
20114302
75871549
22701102
38024922
29710810
40711830
21517002
24502253
41343582
50216583
30987150
83262877
35789772
69899641
27430754
31423432
24615093
21180900
50249619
23557020
19577875
35655541
51670439
401063
21910088
68240838
24511351
30071286
25238749
76981109
26058394
31510467
24383292
78739091
46226392
75892332
59218935
30048524
77799096
33339143
77039145
45910960
45637407
25021938
25128937
21459323
48443712
59100981
41321420
29019247
32682360
43079579
28707463
50371119
29275229
39978722
390600
64650417
26294176
67901962
73170218
31057511
24797685
21329098
21408732
27849151
20149229
50894399
27739834
23931909
59837771
40673217
29463163
41707141
71511565
81040168
26549552
39260353
22879711
29533033
35293242
19238111
37253870
69944138
99475
45135266
22145169
21459441
46541612
44503099
33019325
19467983
25509223
21071612
21777057
20983936
21114602
15522
42179089
21996787
39623848
19178499
37348907
20712995
67990932
22788671
21763595
32962941
42649489
29689285
49347104
38572712
23472635
27454100
21833160
41745551
20044486
82930817
21652056
20009988
24803803
36929143
53015140
40661961
44259914
28392131
36091889
26072129
52864486
10077
20577176
44989320
52296199
27370621
19418096
24796632
28621952
41216586
20381022
40875900
20012302
32961751
28976302
25381410
71350797
249103
66655204
30592655
28932586
38256242
349795
50690164
20777667
38695190
20006875
24710688
52458212
64111377
39804293
26399537
26544890
58260011
22666194
19889971
71641026
26289480
43860634
79310729
50887553
21705950
35449924
21557951
22710237
32984709
35702501
20696516
21211528
43548856
35456480
60004918
43677533
76779661
61930466
20587414
46402390
67031782
37285547
70432340
25145157
40391438
20204843
36707660
21020670
34492535
31685211
64825900
21974734
30936371
24536493
40129524
400766
64141304
30092427
40730366
81702602